北京 上海 1 0 7 0 0 11 40 558
北京 上海 1 0 8 5 0 13 46 553
北京 上海 1 0 10 0 0 14 28 553
北京 上海 1 0 12 0 0 16 36 553
北京 上海 1 0 13 5 0 18 59 553
北京 上海 1 0 15 0 0 19 28 553
北京 上海 1 0 16 45 0 23 2 553
北京 上海 1 0 17 0 0 21 36 553
北京 上海 1 0 18 56 1 9 53 177.5
北京 上海 1 0 19 22 1 7 25 248
北京 上海 1 0 20 5 1 11 0 177.5
北京 上海 1 0 21 21 1 9 20 248
北京 济南 1 0 7 0 0 8 30 184.5
北京 济南 1 0 8 5 0 9 46 184.5
北京 济南 1 0 10 0 0 11 22 184.5
北京 济南 1 0 11 55 0 18 19 63
北京 济南 1 0 12 0 0 13 30 184.5
北京 济南 1 0 13 5 0 14 52 184.5
北京 济南 1 0 15 0 0 16 22 184.5
北京 济南 1 0 16 45 1 0 55 72
北京 济南 1 0 17 0 0 18 22 184.5
北京 济南 1 0 18 30 0 20 16 184.5
北京 济南 1 0 20 20 0 22 7 184.5
北京 济南 1 0 23 20 1 5 19 72
北京 乌鲁木齐 1 0 10 0 1 16 39 317
北京 乌鲁木齐 1 0 15 0 1 6 18 335
北京 哈尔滨 1 0 5 58 0 16 55 152.5
北京 哈尔滨 1 0 6 34 0 14 57 313.5
北京 哈尔滨 1 0 10 50 0 18 29 544
北京 哈尔滨 1 0 12 0 1 2 1 156.5
北京 哈尔滨 1 0 13 52 0 21 40 306.5
北京 哈尔滨 1 0 14 8 1 8 36 168.5
北京 哈尔滨 1 0 18 58 1 6 18 261.5
北京 哈尔滨 1 0 21 15 1 7 12 152.5
北京 哈尔滨 1 0 23 0 1 15 12 173.5
北京 成都 1 0 6 53 0 14 38 778.5
北京 成都 1 0 8 1 1 12 30 252 
北京 成都 1 0 9 38 0 19 36 778.5
北京 成都 1 0 11 28 1 8 56 254.5
北京 成都 1 0 15 13 0 22 58 778.5
北京 成都 1 0 16 40 1 20 36 236
北京 成都 1 0 22 6 2 7 37 240
北京 西安 1 0 6 53 0 11 24 515.5
北京 西安 1 0 8 15 0 14 16 515.5
北京 西安 1 0 9 22 0 15 3 515.5
北京 西安 1 0 11 53 0 17 35 515.5
北京 西安 1 0 14 0 0 18 20 515.5
北京 西安 1 0 15 13 0 19 45 515.5
北京 西安 1 0 16 40 1 6 21 156.5
北京 西安 1 0 18 55 0 23 21 515.5
北京 西安 1 0 20 40 1 8 31 254.5
北京 西安 1 0 22 6 1 13 8 152.5
北京 广州 1 0 5 14 1 11 6 251
北京 广州 1 0 10 0 0 18 1 862
北京 广州 1 0 11 49 1 9 16 251
北京 广州 1 0 12 13 0 22 19 862
北京 广州 1 0 12 40 1 10 4 426
北京 广州 1 0 13 7 0 22 29 862
北京 广州 1 0 17 54 1 15 43 251
北京 武汉 1 0 5 14 0 21 21 152.5
北京 武汉 1 0 8 0 0 12 17 520.5
北京 武汉 1 0 8 36 0 19 56 152.5
北京 武汉 1 0 10 0 0 14 17 520.5
北京 武汉 1 0 11 49 0 22 23 152.5
北京 武汉 1 0 12 13 0 18 0 520.5
北京 武汉 1 0 12 40 0 23 8 152.5
北京 武汉 1 0 13 7 0 18 17 520.5
北京 武汉 1 0 14 41 0 19 43 520.5
北京 武汉 1 0 17 54 1 4 32 152.5
北京 长沙 1 0 21 16 1 8 26 152.5
北京 长沙 1 0 5 14 1 2 24 189.5
北京 长沙 1 0 8 0 0 13 38 649
北京 长沙 1 0 8 36 0 23 18 189.5
北京 长沙 1 0 10 0 0 15 38 649
北京 长沙 1 0 11 49 1 1 45 322.5
北京 长沙 1 0 12 13 0 19 29 649
北京 长沙 1 0 12 40 1 2 30 322.5
北京 长沙 1 0 13 7 0 19 53 649
北京 长沙 1 0 14 41 0 21 14 649
北京 长沙 1 0 17 54 1 8 0 189.5
北京 长沙 1 0 21 16 1 11 50 189.5
上海 北京 1 0 6 26 0 12 29 553
上海 北京 1 0 8 0 0 12 24 553
上海 北京 1 0 10 0 0 14 28 553
上海 北京 1 0 12 0 0 16 38 558
上海 北京 1 0 14 0 0 18 28 553
上海 北京 1 0 14 51 0 20 48 553
上海 北京 1 0 16 5 0 22 0 553
上海 北京 1 0 17 23 0 23 8 553
上海 北京 1 0 17 57 1 10 8 177.5
上海 北京 1 0 19 0 0 23 18 553
上海 北京 1 0 19 9 1 7 12 372
上海 北京 1 0 21 24 1 9 22 370
上海 济南 1 0 6 26 0 10 34 398.5
上海 济南 1 0 7 34 0 12 27 398.5
上海 济南 1 0 8 0 0 10 59 398.5
上海 济南 1 0 10 0 0 12 59 398.5
上海 济南 1 0 12 0 0 15 8 398.5
上海 济南 1 0 14 0 0 16 59 398.5
上海 济南 1 0 14 51 0 18 58 398.5
上海 济南 1 0 16 5 0 20 13 398.5
上海 济南 1 0 17 23 0 21 26 398.5
上海 济南 1 0 18 17 1 8 28 124
上海 济南 1 0 20 22 1 9 4 109
上海 济南 1 0 22 40 1 10 14 128.5
上海 西安 1 0 6 10 0 13 22 669.5 
上海 西安 1 0 8 36 0 14 32 669.5
上海 西安 1 0 9 24 0 16 25 669.5
上海 西安 1 0 11 40 0 19 6 669.5
上海 西安 1 0 12 4 1 5 23 180.5
上海 西安 1 0 13 44 0 20 31 669.5
上海 西安 1 0 15 52 1 7 57 180.5
上海 西安 1 0 17 6 0 23 33 669.5
上海 西安 1 0 18 3 1 9 29 180.5
上海 西安 1 0 20 8 1 11 14 180.5
上海 西安 1 0 22 50 1 10 2 459
上海 成都 1 0 6 13 0 20 24 681.5
上海 成都 1 0 7 17 0 18 27 932.5
上海 成都 1 0 11 16 1 18 42 259 
上海 成都 1 0 15 43 2 4 48 285.5
上海 成都 1 0 20 28 2 11 20 273.5
上海 武汉 1 0 6 13 0 11 24 315
上海 武汉 1 0 7 3 0 12 15 286
上海 武汉 1 0 7 46 0 11 44 335.5
上海 武汉 1 0 8 30 0 12 54 262
上海 武汉 1 0 9 30 0 14 6 262
上海 武汉 1 0 11 46 0 15 42 335.5
上海 武汉 1 0 13 5 0 17 54 335.5
上海 武汉 1 0 13 40 1 5 16 148.5
上海 武汉 1 0 14 41 0 19 57 305
上海 武汉 1 0 16 47 0 22 27 265
上海 武汉 1 0 16 51 0 20 46 336
上海 武汉 1 0 17 43 1 7 31 135.5
上海 武汉 1 0 21 2 1 6 35 232.5
上海 深圳 1 0 7 46 0 19 14 568
上海 深圳 1 0 9 5 0 20 40 568
上海 深圳 1 0 10 28 0 21 53 568 
上海 深圳 1 0 11 41 1 6 22 234
上海 深圳 1 0 13 20 1 8 9 234
上海 深圳 1 0 14 10 0 22 6 867.5
上海 杭州 1 0 4 22 0 6 29 28.5
上海 杭州 1 0 5 59 0 8 41 28.5
上海 杭州 1 0 6 11 0 6 57 73
上海 杭州 1 0 7 2 0 8 8 56
上海 杭州 1 0 8 15 0 9 1 73
上海 杭州 1 0 8 36 0 10 38 24.5
上海 杭州 1 0 9 10 0 10 4 73
上海 杭州 1 0 9 40 0 11 22 56
上海 杭州 1 0 10 13 0 11 6 73
上海 杭州 1 0 10 20 0 12 23 28.5
上海 杭州 1 0 11 24 0 12 25 56
上海 杭州 1 0 11 41 0 13 39 24.5
上海 杭州 1 0 12 40 0 13 40 73
上海 杭州 1 0 13 20 0 15 11 24.5
上海 杭州 1 0 14 10 0 14 58 73
上海 杭州 1 0 14 18 0 16 26 24.5
上海 杭州 1 0 15 25 0 16 12 73
上海 杭州 1 0 15 37 0 17 45 24.5
上海 杭州 1 0 16 47 0 17 53 73
上海 杭州 1 0 16 49 0 19 10 24.5
上海 杭州 1 0 17 43 0 20 19 28.5
上海 杭州 1 0 17 58 0 18 58 73
上海 杭州 1 0 19 6 0 20 2 56
上海 杭州 1 0 19 15 0 21 12 24.5
上海 杭州 1 0 20 20 0 21 20 73
上海 杭州 1 0 20 42 0 22 23 24.5
上海 杭州 1 0 21 30 0 22 28 77.5
上海 杭州 1 0 23 30 1 2 52 28.5
上海 长沙 1 0 6 11 0 11 58 478
上海 长沙 1 0 7 32 0 13 12 478
上海 长沙 1 0 8 25 0 14 10 478
上海 长沙 1 0 9 51 0 15 17 478
上海 长沙 1 0 10 48 0 16 15 478
上海 长沙 1 0 12 40 0 18 16 478
上海 长沙 1 0 14 10 0 18 56 478
上海 长沙 1 0 15 25 0 20 39 478
上海 长沙 1 0 16 42 0 22 13 478
上海 长沙 1 0 20 42 1 7 30 148.5
上海 广州 1 0 8 0 0 14 51 793
上海 广州 1 0 10 23 0 19 3 793
上海 广州 1 0 10 50 1 5 24 189.5
上海 广州 1 0 14 10 0 21 32 793
上海 广州 1 0 17 45 1 10 10 206
上海 广州 1 0 19 21 1 17 8 201
杭州 上海 1 0 4 21 0 6 30 24.5
杭州 上海 1 0 5 45 0 7 58 24.5
杭州 上海 1 0 6 10 0 7 0 92.5
杭州 上海 1 0 7 6 0 8 12 73
杭州 上海 1 0 7 56 0 9 2 24.5
杭州 上海 1 0 8 23 0 9 29 73
杭州 上海 1 0 9 24 0 10 24 73
杭州 上海 1 0 9 25 0 11 34 24.5
杭州 上海 1 0 10 12 0 11 19 73
杭州 上海 1 0 10 37 0 12 47 24.5
杭州 上海 1 0 11 24 0 12 18 73
杭州 上海 1 0 11 34 0 13 59 28.5
杭州 上海 1 0 12 45 0 13 37 73
杭州 上海 1 0 12 49 0 15 7 24.5
杭州 上海 1 0 14 9 0 15 16 73
杭州 上海 1 0 14 14 0 16 56 24.5
杭州 上海 1 0 15 24 0 16 25 73
杭州 上海 1 0 16 36 0 17 37 73
杭州 上海 1 0 17 4 0 18 54 28.5
杭州 上海 1 0 17 52 0 19 57 28.5
杭州 上海 1 0 18 11 0 19 4 73
杭州 上海 1 0 18 30 0 20 40 24.5
杭州 上海 1 0 19 8 0 21 17 28.5
杭州 上海 1 0 20 15 0 21 10 73
杭州 上海 1 0 20 25 0 22 19 24.5
杭州 上海 1 0 21 25 0 22 20 73
杭州 上海 1 0 21 43 0 23 37 24.5
杭州 上海 1 0 22 39 0 23 26 73
杭州 深圳 1 0 7 33 0 18 14 512
杭州 深圳 1 0 9 9 0 19 14 512 
杭州 深圳 1 0 10 14 0 20 33 512
杭州 深圳 1 0 11 25 0 21 31 512
杭州 深圳 1 0 13 45 1 6 22 219.5
杭州 深圳 1 0 15 1 0 22 6 794.5
杭州 深圳 1 0 15 17 1 8 9 219.5
杭州 长沙 1 0 6 59 0 11 58 405
杭州 长沙 1 0 8 14 0 13 2 405
杭州 长沙 1 0 8 47 0 12 25 405
杭州 长沙 1 0 9 46 0 13 51 405
杭州 长沙 1 0 11 3 0 15 25 405
杭州 长沙 1 0 11 52 0 16 15 405
杭州 长沙 1 0 13 12 0 17 49 405
杭州 长沙 1 0 15 1 0 18 56 405
杭州 长沙 1 0 16 14 0 20 39 405
杭州 长沙 1 0 17 45 0 22 13 405
杭州 长沙 1 0 18 42 0 23 1 405
杭州 长沙 1 0 22 29 1 7 30 128.5
杭州 广州 1 0 7 53 0 15 12 700.5
杭州 广州 1 0 8 47 0 14 51 720
杭州 广州 1 0 11 30 0 19 3 720
杭州 广州 1 0 12 46 1 5 24 173.5
杭州 广州 1 0 15 1 0 21 32 720
杭州 广州 1 0 18 36 1 14 30 173.5
杭州 广州 1 0 21 32 1 17 8 192
广州 深圳 1 0 4 9 0 6 30 65.5
广州 深圳 1 0 4 38 0 6 31 21.5
广州 深圳 1 0 5 21 0 8 0 24.5
广州 深圳 1 0 6 11 0 7 27 79.5
广州 深圳 1 0 6 36 0 8 52 21.5
广州 深圳 1 0 7 6 0 7 35 74.5
广州 深圳 1 0 7 26 0 10 15 65.5
广州 深圳 1 0 7 41 0 9 45 48.5
广州 深圳 1 0 7 55 0 10 0 23.5
广州 深圳 1 0 9 28 0 10 43 79.5
广州 深圳 1 0 9 49 0 10 25 74.5
广州 深圳 1 0 10 18 0 11 37 79.5
广州 深圳 1 0 10 28 0 12 9 44.5
广州 深圳 1 0 10 56 0 13 20 24.5
广州 深圳 1 0 11 23 0 12 5 74.5
广州 深圳 1 0 12 31 0 13 0 74.5
广州 深圳 1 0 12 46 0 14 23 79.5
广州 深圳 1 0 13 49 0 14 19 74.5
广州 深圳 1 0 14 50 0 15 26 74.5
广州 深圳 1 0 15 25 0 16 1 74.5
广州 深圳 1 0 16 29 0 17 5 74.5
广州 深圳 1 0 16 49 0 18 44 23.5
广州 深圳 1 0 17 29 0 17 58 74.5
广州 深圳 1 0 17 55 0 19 28 23.5
广州 深圳 1 0 18 16 0 18 56 74.5
广州 深圳 1 0 19 34 0 20 6 47
广州 深圳 1 0 20 25 0 21 6 74.5
广州 深圳 1 0 20 25 0 22 23 48.5
广州 深圳 1 0 21 37 0 22 6 74.5
广州 深圳 1 0 23 8 0 23 37 74.5
广州 成都 1 0 7 28 0 17 23 574
广州 成都 1 0 8 7 0 18 7 541
广州 成都 1 0 9 43 0 20 0 549
广州 成都 1 0 11 0 0 21 1 566
广州 成都 1 0 11 17 1 23 1 240
广州 成都 1 0 12 50 0 23 7 549
广州 成都 1 0 13 17 1 17 33 243
广州 成都 1 0 22 2 1 23 12 277.5
广州 上海 1 0 7 45 1 4 6 201
广州 上海 1 0 8 0 0 14 50 793
广州 上海 1 0 12 5 0 19 27 793
广州 上海 1 0 14 55 1 9 12 189.5
广州 上海 1 0 15 38 0 23 10 793
广州 上海 1 0 18 12 1 10 37 206
广州 上海 1 0 19 24 1 6 50 525.5
广州 长沙 1 0 6 23 0 9 5 314
广州 长沙 1 0 8 12 0 16 42 98
广州 长沙 1 0 8 20 0 11 3 314
广州 长沙 1 0 10 1 0 19 1 98
广州 长沙 1 0 10 20 0 13 3 314
广州 长沙 1 0 11 42 0 14 30 314
广州 长沙 1 0 13 0 0 21 52 98
广州 长沙 1 0 13 2 0 15 54 314
广州 长沙 1 0 14 45 0 17 34 314
广州 长沙 1 0 15 2 0 23 15 98
广州 长沙 1 0 16 8 0 19 4 314
广州 长沙 1 0 16 12 1 0 33 98
广州 长沙 1 0 17 50 0 20 40 314
广州 长沙 1 0 17 58 1 3 8 98
广州 长沙 1 0 19 16 0 22 13 314
广州 长沙 1 0 20 40 0 23 30 314
广州 长沙 1 0 20 53 1 5 10 98
广州 长沙 1 0 22 52 1 6 59 98
广州 杭州 1 0 7 45 1 2 12 192
广州 杭州 1 0 8 0 0 14 0 720
广州 杭州 1 0 8 54 1 6 13 192
广州 杭州 1 0 12 5 0 18 35 720
广州 杭州 1 0 14 55 1 7 6 173.5
广州 杭州 1 0 15 38 0 22 17 720
广州 杭州 1 0 19 24 1 5 54 479
广州 杭州 1 0 20 45 1 13 42 173.5
广州 北京 1 0 8 28 1 6 46 251
广州 北京 1 0 9 0 0 17 1 862
广州 北京 1 0 10 0 0 18 0 862
广州 北京 1 0 11 13 0 21 10 862
广州 北京 1 0 12 50 0 22 28 862
广州 北京 1 0 16 20 1 13 44 251
广州 北京 1 0 18 6 1 15 30 251
广州 北京 1 0 20 5 1 6 40 709
广州 武汉 1 0 6 28 0 10 55 463.5
广州 武汉 1 0 8 5 0 12 4 463.5
广州 武汉 1 0 8 12 0 20 56 138.5
广州 武汉 1 0 10 8 0 23 23 138.5
广州 武汉 1 0 10 10 0 14 17 463.5
广州 武汉 1 0 12 30 0 16 43 463.5
广州 武汉 1 0 13 25 1 1 16 138.5
广州 武汉 1 0 13 56 0 18 25 463.5
广州 武汉 1 0 15 2 1 3 29 138.5
广州 武汉 1 0 15 43 0 20 3 463.5
广州 武汉 1 0 17 5 0 21 23 463.5
广州 武汉 1 0 17 8 1 5 48 138.5
广州 武汉 1 0 19 30 1 6 42 138.5
广州 武汉 1 0 20 53 1 10 25 138.5
广州 武汉 1 0 22 28 1 11 50 138.5
深圳 上海 1 0 7 10 0 18 42 568
深圳 上海 1 0 8 49 0 20 44 568
深圳 上海 1 0 9 59 0 22 12 568
深圳 上海 1 0 11 32 0 19 27 867.5
深圳 上海 1 0 13 8 1 7 58 234
深圳 上海 1 0 16 0 1 11 6 234
深圳 上海 1 0 20 14 1 6 50 478.5
深圳 广州 1 0 4 9 0 6 30 65.5
深圳 广州 1 0 4 38 0 6 31 21.5
深圳 广州 1 0 5 21 0 8 0 24.5
深圳 广州 1 0 6 11 0 7 27 79.5
深圳 广州 1 0 6 36 0 8 52 21.5
深圳 广州 1 0 7 6 0 7 35 74.5
深圳 广州 1 0 7 26 0 10 15 65.5
深圳 广州 1 0 7 41 0 9 45 48.5
深圳 广州 1 0 7 55 0 10 0 23.5
深圳 广州 1 0 9 28 0 10 43 79.5
深圳 广州 1 0 9 49 0 10 25 74.5
深圳 广州 1 0 10 18 0 11 37 79.5
深圳 广州 1 0 10 28 0 12 9 44.5
深圳 广州 1 0 10 56 0 13 20 24.5
深圳 广州 1 0 11 23 0 12 5 74.5
深圳 广州 1 0 12 31 0 13 0 74.5
深圳 广州 1 0 12 46 0 14 23 79.5
深圳 广州 1 0 13 49 0 14 19 74.5
深圳 广州 1 0 14 50 0 15 26 74.5
深圳 广州 1 0 15 25 0 16 1 74.5
深圳 广州 1 0 16 29 0 17 5 74.5
深圳 广州 1 0 16 49 0 18 44 23.5
深圳 广州 1 0 17 29 0 17 58 74.5
深圳 广州 1 0 17 55 0 19 28 23.5
深圳 广州 1 0 18 16 0 18 56 74.5
深圳 广州 1 0 19 34 0 20 6 47
深圳 广州 1 0 20 25 0 21 6 74.5
深圳 广州 1 0 20 25 0 22 23 48.5
深圳 广州 1 0 21 37 0 22 6 74.5
深圳 广州 1 0 23 8 0 23 37 74.5
深圳 长沙 1 0 7 0 0 10 31 397
深圳 长沙 1 0 8 10 0 18 17 112
深圳 长沙 1 0 8 42 0 12 4 388.5
深圳 长沙 1 0 9 30 0 18 55 112
深圳 长沙 1 0 10 0 0 13 22 388.5
深圳 长沙 1 0 10 20 0 21 52 163
深圳 长沙 1 0 11 32 0 14 34 388.5
深圳 长沙 1 0 12 49 0 16 13 388.5
深圳 长沙 1 0 14 2 1 0 19 112
深圳 长沙 1 0 15 21 0 18 50 388.5
深圳 长沙 1 0 16 25 1 2 2 112
深圳 长沙 1 0 17 40 0 21 3 388.5
深圳 长沙 1 0 18 42 0 22 13 388.5
深圳 长沙 1 0 19 30 1 5 56 146
深圳 长沙 1 0 21 0 1 7 36 146
深圳 杭州 1 0 7 10 0 17 25 512
深圳 杭州 1 0 8 24 0 19 1 512
深圳 杭州 1 0 10 45 0 21 38 512
深圳 杭州 1 0 11 32 0 18 35 794.5
深圳 杭州 1 0 13 8 1 5 39 219.5
深圳 杭州 1 0 16 0 1 9 13 219.5
长沙 深圳 1 0 1 57 0 13 20 115
长沙 深圳 1 0 7 0 0 10 34 388.5
长沙 深圳 1 0 9 23 0 12 41 388.5
长沙 深圳 1 0 12 13 0 15 44 388.5
长沙 深圳 1 0 14 29 0 18 3 397
长沙 深圳 1 0 16 7 0 19 31 388.5
长沙 深圳 1 0 18 38 0 22 2 388.5
长沙 深圳 1 0 21 25 1 8 30 163
长沙 深圳 1 0 23 53 1 10 26 142
长沙 广州 1 0 0 12 0 9 30 98
长沙 广州 1 0 7 0 0 9 26 474
长沙 广州 1 0 9 12 0 11 31 294
长沙 广州 1 0 11 1 0 18 22 98
长沙 广州 1 0 11 14 0 14 9 314
长沙 广州 1 0 14 2 0 16 53 314
长沙 广州 1 0 16 12 0 19 3 314
长沙 广州 1 0 18 5 0 20 49 314
长沙 广州 1 0 19 50 1 4 25 98
长沙 广州 1 0 20 16 0 23 0 314
长沙 广州 1 0 23 46 1 8 47 98
长沙 上海 1 0 0 6 0 15 13 148.5
长沙 上海 1 0 7 6 0 12 14 478
长沙 上海 1 0 9 27 0 14 54 478
长沙 上海 1 0 12 49 0 18 22 478
长沙 上海 1 0 14 41 0 19 27 478
长沙 上海 1 0 17 10 0 22 52 478
长沙 上海 1 0 20 8 1 6 44 148.5
长沙 上海 1 0 21 47 1 12 58 148.5
长沙 杭州 1 0 0 6 0 12 30 128.5
长沙 杭州 1 0 7 6 0 11 10 405
长沙 杭州 1 0 9 27 0 13 46 405
长沙 杭州 1 0 12 49 0 17 14 405
长沙 杭州 1 0 14 41 0 18 35 405
长沙 杭州 1 0 17 10 0 21 57 405
长沙 杭州 1 0 20 8 1 4 47 128.5
长沙 杭州 1 0 21 47 1 10 28 128.5
长沙 北京 1 0 1 34 0 15 30 189.5
长沙 北京 1 0 7 10 0 14 19 649
长沙 北京 1 0 9 0 0 14 41 649
长沙 北京 1 0 12 20 0 18 0 649
长沙 北京 1 0 14 22 0 20 53 649
长沙 北京 1 0 16 34 1 6 52 189.5
长沙 北京 1 0 17 5 0 23 18 649
长沙 北京 1 0 17 42 1 8 16  189.5
长沙 北京 1 0 19 40 1 9 48 322.5
长沙 北京 1 0 23 23 1 21 0 189.5
长沙 北京 1 0 23 43 1 13 44 189.5
长沙 武汉 1 0 0 47 0 4 13 53.5
长沙 武汉 1 0 3 20 0 6 42 53.5
长沙 武汉 1 0 7 10 0 10 45 53.5
长沙 武汉 1 0 7 10 0 8 35 164.5
长沙 武汉 1 0 9 5 0 10 45 164.5
长沙 武汉 1 0 11 20 0 12 38 164.5
长沙 武汉 1 0 13 19 0 14 56 164.5
长沙 武汉 1 0 15 0 0 20 25 53.5
长沙 武汉 1 0 15 38 0 17 4 164.5
长沙 武汉 1 0 17 24 0 18 53 166
长沙 武汉 1 0 19 3 0 22 28 53.5
长沙 武汉 1 0 19 15 0 20 34 164.5
长沙 武汉 1 0 21 17 0 22 42 164.5
长沙 武汉 1 0 23 30 1 5 22 53.5
长沙 成都 1 0 5 30 0 23 12 215
长沙 成都 1 0 7 57 0 15 34 584.5
长沙 成都 1 0 13 27 0 20 29 584.5
长沙 成都 1 0 14 0 1 11 11 168.5
长沙 成都 1 0 17 2 1 10 53 163.5
长沙 成都 1 0 18 19 1 13 28 183.5
武汉 北京 1 0 0 7 0 17 40 152.5
武汉 北京 1 0 3 10 0 13 44 152.5
武汉 北京 1 0 6 26 0 17 32 152.5
武汉 北京 1 0 7 0 0 11 26 522
武汉 北京 1 0 9 11 0 14 24 520.5
武汉 北京 1 0 12 20 0 18 22 520.5
武汉 北京 1 0 14 25 0 18 46 520.5
武汉 北京 1 0 15 31 1 5 52 152.5
武汉 北京 1 0 16 21 0 21 59 520.5
武汉 北京 1 0 18 36 0 23 18 520.5
武汉 北京 1 0 19 58 1 6 40 261.5
武汉 北京 1 0 23 42 1 10 51 152.5
武汉 广州 1 0 0 50 0 13 10 138.5
武汉 广州 1 0 6 22 0 17 40 138.5
武汉 广州 1 0 6 53 0 11 21 463.5
武汉 广州 1 0 7 1 0 18 52 138.5
武汉 广州 1 0 9 30 0 13 37 443.5
武汉 广州 1 0 11 34 0 15 55 463.5
武汉 广州 1 0 13 36 0 17 27 443.5
武汉 广州 1 0 15 12 1 4 25 138.5
武汉 广州 1 0 15 50 0 19 47 443.5
武汉 广州 1 0 17 28 0 21 52 463.5
武汉 广州 1 0 17 28 1 5 30 138.5
武汉 广州 1 0 19 7 0 23 15 463.5
武汉 广州 1 0 19 13 1 9 30 138.5
武汉 广州 1 0 19 30 1 6 32 238.5
武汉 广州 1 0 20 59 1 8 30 138.5
武汉 广州 1 0 22 29 1 9 16 238.5
武汉 广州 1 0 23 23 1 10 48 138.5
武汉 长沙 1 0 0 19 0 4 7 53.5
武汉 长沙 1 0 2 58 0 6 13 53.5
武汉 长沙 1 0 6 22 0 9 44 53.5
武汉 长沙 1 0 7 6 0 8 45 164.5
武汉 长沙 1 0 8 35 0 11 50 53.5
武汉 长沙 1 0 9 0 0 10 18 164.5
武汉 长沙 1 0 10 39 0 14 8 53.5
武汉 长沙 1 0 11 0 0 12 33 164.5
武汉 长沙 1 0 13 8 0 14 26 164.5
武汉 长沙 1 0 15 12 0 19 39 53.5
武汉 长沙 1 0 15 23 0 16 41 164.5
武汉 长沙 1 0 17 6 0 20 59 53.5
武汉 长沙 1 0 17 23 0 18 41 164.5
武汉 长沙 1 0 19 7 0 20 39 164.5
武汉 长沙 1 0 19 13 1 0 3 53.5
武汉 长沙 1 0 21 19 0 22 52 164.5
武汉 长沙 1 0 22 29 1 1 45 53.5
武汉 长沙 1 0 23 55 1 3 40 53.5
武汉 上海 1 0 7 31 0 13 6 315
武汉 上海 1 0 8 0 0 11 53 336
武汉 上海 1 0 9 32 0 13 23 336
武汉 上海 1 0 10 19 0 14 54 335.5
武汉 上海 1 0 11 25 0 17 28 322
武汉 上海 1 0 13 48 0 18 25 262
武汉 上海 1 0 15 36 0 20 50 291
武汉 上海 1 0 16 20 0 21 40 225
武汉 上海 1 0 18 13 1 8 30 135.5
武汉 上海 1 0 19 43 1 12 35 148.5
武汉 上海 1 0 22 6 1 8 11 232.5
武汉 成都 1 0 0 50 0 21 31 173.5
武汉 成都 1 0 1 27 0 17 49 183.5
武汉 成都 1 0 6 35 0 16 29 374
武汉 成都 1 0 8 27 1 4 48 183.5
武汉 成都 1 0 9 46 0 23 12 176.5
武汉 成都 1 0 10 36 0 19 33 366.5
武汉 成都 1 0 11 13 1 7 45 173.5
武汉 成都 1 0 11 42 0 20 30 366.5
武汉 成都 1 0 12 52 0 22 4 366.5
武汉 成都 1 0 12 59 0 21 6 344
武汉 成都 1 0 19 25 1 11 20 183.5
武汉 成都 1 0 22 20 1 8 56 148.5
成都 广州 1 0 6 43 0 15 50 566
成都 广州 1 0 7 53 0 17 51 541
成都 广州 1 0 9 10 1 12 50 224
成都 广州 1 0 9 18 0 19 11 549
成都 广州 1 0 10 10 2 4 16 263.5
成都 广州 1 0 10 15 0 19 40 541
成都 广州 1 0 12 37 1 17 32 243
成都 广州 1 0 12 38 0 22 21 566
成都 广州 1 0 14 13 0 23 55 566
成都 广州 1 0 17 14 1 18 22 277.5
成都 广州 1 0 17 52 2 4 36 240
成都 上海 1 0 8 0 0 20 27 606
成都 上海 1 0 8 30 1 14 40 259
成都 上海 1 0 10 57 0 22 25 932.5
成都 上海 1 0 21 31 2 5 34 277.5
成都 上海 1 0 23 51 2 12 35 285.5
成都 武汉 1 0 6 43 0 16 34 379.5
成都 武汉 1 0 8 0 0 15 49 344
成都 武汉 1 0 8 19 1 7 55 173.5
成都 武汉 1 0 9 11 0 18 34 379.5
成都 武汉 1 0 10 55 0 20 28 379.5
成都 武汉 1 0 11 42 0 22 59 148.5
成都 武汉 1 0 12 45 1 4 55 183.5
成都 武汉 1 0 13 33 0 23 6 362
成都 武汉 1 0 17 14 1 6 27 176.5
成都 武汉 1 0 22 45 1 15 12 183.5
成都 长沙 1 0 7 3 0 14 7 584.5
成都 长沙 1 0 12 1 1 5 28 163.5
成都 长沙 1 0 15 11 1 12 53 183.5
成都 长沙 1 0 15 59 0 23 21 584.5
成都 长沙 1 0 17 14 1 10 55 215
成都 长沙 1 0 19 0 1 16 35 168.5
成都 北京 1 0 7 0 0 14 46 778.5
成都 北京 1 0 8 40 1 12 31 236
成都 北京 1 0 9 55 0 19 53 778.5
成都 北京 1 0 11 42 1 10 2 254.5
成都 北京 1 0 15 2 0 22 52 778.5
成都 北京 1 0 19 10 1 21 6 252
成都 北京 1 0 19 57 2 5 42 240
成都 北京 1 0 23 59 2 5 10 259
成都 西安 1 0 7 0 0 10 12 263
成都 西安 1 0 8 8 0 12 1 263
成都 西安 1 0 8 40 0 22 27 112
成都 西安 1 0 10 30 0 14 21 263
成都 西安 1 0 12 8 0 16 26 263
成都 西安 1 0 14 0 0 17 26 263
成都 西安 1 0 16 0 0 19 49 263
成都 西安 1 0 17 52 0 21 48 263
成都 西安 1 0 18 58 0 23 0 263
成都 西安 1 0 21 20 1 12 42 112
成都 西安 1 0 22 16 1 8 2 128
西安 成都 1 0 6 41 0 20 36 112
西安 成都 1 0 7 10 0 11 18 263
西安 成都 1 0 9 0 0 12 17 263
西安 成都 1 0 10 0 0 14 10 263
西安 成都 1 0 11 29 0 14 38 263
西安 成都 1 0 12 26 0 16 24 263
西安 成都 1 0 13 15 1 7 37 124
西安 成都 1 0 14 0 0 17 43 263
西安 成都 1 0 15 15 0 18 44 263
西安 成都 1 0 16 16 0 20 33 263
西安 成都 1 0 18 0 0 21 36 263
西安 成都 1 0 19 50 0 22 58 263
西安 成都 1 0 21 2 1 8 11 128
西安 北京 1 0 1 43 0 14 26 148.5
西安 北京 1 0 7 52 0 13 27 515.5
西安 北京 1 0 9 18 0 13 50 515.5
西安 北京 1 0 10 18 0 14 46 515.5
西安 北京 1 0 11 13 0 16 51 515.5 
西安 北京 1 0 13 0 1 5 42 152.5
西安 北京 1 0 13 30 0 17 55 515.5
西安 北京 1 0 14 38 0 20 20 515.5
西安 北京 1 0 16 0 0 21 31 515.5
西安 北京 1 0 17 35 0 22 48 515.5
西安 北京 1 0 17 38 1 6 8 148.5
西安 北京 1 0 19 21 1 6 58 254.5
西安 北京 1 0 21 15 1 10 45 148.5
西安 北京 1 0 22 47 1 12 31 148.5
西安 上海 1 0 0 47 0 17 50 180.5
西安 上海 1 0 6 26 0 13 41 669.5
西安 上海 1 0 8 49 0 14 45 669.5
西安 上海 1 0 9 23 0 16 45 669.5
西安 上海 1 0 9 52 1 5 23 180.5
西安 上海 1 0 10 23 0 17 38 669.5
西安 上海 1 0 12 24 0 19 47 669.5
西安 上海 1 0 15 13 0 21 46 669.5
西安 上海 1 0 16 46 1 8 5 180.5
西安 上海 1 0 20 44 1 11 51 180.5
西安 上海 1 0 23 27 1 14 54 180.5
济南 北京 1 0 0 54 0 6 3 280
济南 北京 1 0 2 14 0 10 50 63
济南 北京 1 0 6 44 0 13 26 72
济南 北京 1 0 7 13 0 9 18 194.5
济南 北京 1 0 8 25 0 10 18 184.5
济南 北京 1 0 9 31 0 15 43 72
济南 北京 1 0 9 58 0 11 46 184.5
济南 北京 1 0 12 1 0 13 28 184.5
济南 北京 1 0 13 5 0 14 43 184.5
济南 北京 1 0 15 2 0 16 53 184.5
济南 北京 1 0 16 20 0 18 13 184.5
济南 北京 1 0 16 30 1 3 11 78
济南 北京 1 0 18 22 0 20 18 184.5
济南 北京 1 0 20 9 0 21 36 184.5
济南 北京 1 0 22 9 0 23 33 184.5
济南 上海 1 0 2 36 0 12 42 124
济南 上海 1 0 6 1 0 18 16 109
济南 上海 1 0 6 50 0 11 40 416
济南 上海 1 0 8 32 0 11 40 404.5
济南 上海 1 0 9 11 0 13 8 398.5
济南 上海 1 0 10 58 0 14 49 398.5
济南 上海 1 0 12 2 0 16 12 398.5
济南 上海 1 0 14 2 0 18 16 398.5
济南 上海 1 0 15 17 0 19 17 398.5
济南 上海 1 0 16 2 0 20 18 398.5
济南 上海 1 0 16 52 1 4 41 128.5
济南 上海 1 0 17 36 0 22 5 398.5
济南 上海 1 0 18 26 1 7 0 109
济南 上海 1 0 18 32 0 22 30 398.5
济南 上海 1 0 20 32 0 23 40 404.5
济南 上海 1 0 23 56 1 13 55 124 
乌鲁木齐 北京 1 0 14 16 1 20 22 317
乌鲁木齐 北京 1 0 19 4 2 9 49 335
哈尔滨 北京 1 0 1 40 0 21 43 173.5
哈尔滨 北京 1 0 7 5 0 14 51 306.5
哈尔滨 北京 1 0 9 45 0 17 28 306.5
哈尔滨 北京 1 0 10 51 0 21 8 152.5
哈尔滨 北京 1 0 12 33 0 20 33 544
哈尔滨 北京 1 0 14 33 0 22 22 313.5
哈尔滨 北京 1 0 19 48 1 6 28 409.5
哈尔滨 北京 1 0 21 33 1 7 52 152.5
哈尔滨 北京 1 0 22 4 1 9 14 261.5
哈尔滨 北京 1 0 22 12 1 9 48 152.5
北京 上海 2 0 8 5 0 10 5 760
北京 上海 2 0 11 30 0 14 0 980 
北京 上海 2 0 15 30 0 17 40 830
北京 上海 2 0 19 35 0 22 0 750
北京 上海 2 0 21 50 0 23 55 600
北京 广州 2 0 7 55 0 11 20 1597
北京 广州 2 0 11 0 0 14 15 1450
北京 广州 2 0 15 45 0 19 10 2230
北京 广州 2 0 19 30 0 22 50 1980
北京 广州 2 0 21 30 1 0 50 1176
北京 深圳 2 0 7 15 0 10 30 1225
北京 深圳 2 0 12 10 0 15 35 1380
北京 深圳 2 0 16 0 0 19 25 1550
北京 深圳 2 0 20 0 0 23 30 1925
北京 深圳 2 0 22 0 1 1 30 1110
北京 杭州 2 0 6 20 0 8 35 680
北京 杭州 2 0 12 30 0 14 55 1120
北京 杭州 2 0 14 35 0 16 50 1080
北京 杭州 2 0 19 50 0 22 0 1180
北京 杭州 2 0 22 0 1 0 15 650
北京 成都 2 0 8 15 0 11 15 1120
北京 成都 2 0 11 5 0 14 10 1850
北京 成都 2 0 16 0 0 19 5 1520
北京 成都 2 0 20 0 0 23 10 1380
北京 成都 2 0 22 45 1 1 45 1050
北京 乌鲁木齐 2 0 8 10 0 10 25 930
北京 乌鲁木齐 2 0 11 10 0 13 25 1430
北京 乌鲁木齐 2 0 17 30 0 19 50 1520
北京 乌鲁木齐 2 0 22 35 1 0 55 660
北京 武汉 2 0 8 10 0 10 25 1200
北京 武汉 2 0 11 30 0 14 0 1640
北京 武汉 2 0 15 25 0 17 50 930
北京 武汉 2 0 17 45 0 20 15 1250
北京 武汉 2 0 21 5 0 23 25 690
北京 长沙 2 0 7 5 0 9 40 1236
北京 长沙 2 0 11 35 0 16 20 1018
北京 长沙 2 0 15 45 0 18 25 1452
北京 长沙 2 0 18 5 0 20 30 1480
北京 长沙 2 0 20 55 0 23 35 1087
北京 哈尔滨 2 0 7 40 0 9 50 820
北京 哈尔滨 2 0 11 10 0 13 25 1120 
北京 哈尔滨 2 0 15 25 0 17 50 930
北京 哈尔滨 2 0 19 15 0 21 35 820
北京 哈尔滨 2 0 21 5 0 23 25 690
北京 济南 2 0 8 10 0 10 25 660 
北京 济南 2 0 11 10 0 13 25 950
北京 济南 2 0 21 5 0 23 25 420
北京 西安 2 0 7 5 0 9 10 1255
北京 西安 2 0 10 55 0 13 15 1810
北京 西安 2 0 14 20 0 16 30 1200
北京 西安 2 0 20 25 0 22 30 1510
北京 西安 2 0 21 15 0 23 25 860
上海 北京 2 0 8 20 0 10 45 678
上海 北京 2 0 11 0 0 13 20 720
上海 北京 2 0 14 55 0 17 35 980
上海 北京 2 0 18 55 0 21 20 1130
上海 北京 2 0 21 55 1 0 15 610
上海 广州 2 0 7 15 0 9 40 880
上海 广州 2 0 11 30 0 14 0 880
上海 广州 2 0 15 30 0 17 55 1195
上海 广州 2 0 18 50 0 21 15 1040
上海 广州 2 0 21 15 0 23 40 720
上海 深圳 2 0 7 55 0 10 25 1232
上海 深圳 2 0 11 0 0 13 30 910
上海 深圳 2 0 16 40 0 19 0 1120
上海 深圳 2 0 19 5 0 21 25 835
上海 深圳 2 0 21 25 1 0 10 740
上海 成都 2 0 7 40 0 10 55 1110
上海 成都 2 0 11 50 0 15 20 1320
上海 成都 2 0 15 40 0 19 10 1300
上海 成都 2 0 18 0 0 21 40 1520
上海 成都 2 0 21 40 1 1 5 850
上海 乌鲁木齐 2 0 8 30 0 14 0 1380
上海 乌鲁木齐 2 0 12 45 0 18 10 1170
上海 乌鲁木齐 2 0 16 20 0 21 30 1280
上海 武汉 2 0 7 15 0 9 30 540
上海 武汉 2 0 11 10 0 13 10 890
上海 武汉 2 0 14 5 0 16 10 1090
上海 武汉 2 0 18 30 0 20 30 860
上海 武汉 2 0 22 5 1 0 15 470
上海 长沙 2 0 7 15 0 9 2 870
上海 长沙 2 0 11 45 0 13 55 660
上海 长沙 2 0 14 40 0 16 40 980
上海 长沙 2 0 18 45 0 20 32 1250
上海 长沙 2 0 21 5 0 23 20 885
上海 哈尔滨 2 0 8 20 0 11 10 857
上海 哈尔滨 2 0 17 50 0 21 0 980
上海 哈尔滨 2 0 11 50 0 14 50 1070
上海 哈尔滨 2 0 15 30 0 18 35 780
上海 哈尔滨 2 0 19 55 0 23 0 767
上海 济南 2 0 7 10 0 9 0 690
上海 济南 2 0 10 20 0 12 15 970
上海 济南 2 0 20 5 0 22 0  350
上海 西安 2 0 8 25 0 9 40 780
上海 西安 2 0 12 30 0 14 55 1080
上海 西安 2 0 15 30 0 18 15 1340
上海 西安 2 0 19 50 0 22 40 850
上海 西安 2 0 23 5 1 1 35 590
广州 北京 2 0 9 0 0 12 10 1610
广州 北京 2 0 12 0 0 15 10 1480
广州 北京 2 0 14 10 0 17 15 1075
广州 北京 2 0 19 30 0 23 0 910
广州 北京 2 0 21 0 1 0 20 756
广州 上海 2 0 7 30 0 9 50 1040
广州 上海 2 0 10 40 0 13 5 990
广州 上海 2 0 15 0 0 17 25 790
广州 上海 2 0 19 0 0 21 25 614
广州 上海 2 0 21 30 0 23 50 570
广州 杭州 2 0 7 40 0 10 5 1118
广州 杭州 2 0 11 20 0 13 25 1180
广州 杭州 2 0 14 45 0 17 5 1130
广州 杭州 2 0 17 55 0 20 0 875 
广州 杭州 2 0 23 20 1 1 25 550
广州 成都 2 0 9 25 0 11 40 1025
广州 成都 2 0 12 20 0 14 45 1520
广州 成都 2 0 15 55 0 18 20 1120
广州 成都 2 0 18 5 0 20 20 1025
广州 成都 2 0 21 55 1 0 50 870
广州 乌鲁木齐 2 0 7 5 0 12 10 1425
广州 乌鲁木齐 2 0 12 40 0 17 50 1840
广州 乌鲁木齐 2 0 19 15 1 0 25 1199
广州 武汉 2 0 8 25 0 10 25 950
广州 武汉 2 0 11 45 0 13 35 1050
广州 武汉 2 0 15 20 0 17 10 950
广州 武汉 2 0 18 25 0 20 25 780
广州 武汉 2 0 22 30 1 0 30 600
广州 长沙 2 0 8 10 0 9 30 540
广州 长沙 2 0 10 20 0 11 35 820
广州 长沙 2 0 21 30 0 22 50 670
广州 哈尔滨 2 0 8 15 0 12 25 2240
广州 哈尔滨 2 0 10 50 0 14 55 1890
广州 哈尔滨 2 0 14 45 0 19 0 2165
广州 哈尔滨 2 0 19 15 0 23 30 2550
广州 济南 2 0 8 20 0 11 10 1380
广州 济南 2 0 11 10 0 21 40 1223
广州 济南 2 0 15 0 0 17 50 1380
广州 济南 2 0 17 20 0 20 20 1360 
广州 济南 2 0 20 10 0 23 0 1060
广州 西安 2 0 7 40 0 10 5 825
广州 西安 2 0 12 15 0 14 50 983
广州 西安 2 0 14 5 0 16 35 990
广州 西安 2 0 21 5 0 23 55 990
深圳 北京 2 0 7 25 0 10 30 1420
深圳 北京 2 0 14 5 0 17 20 1600
深圳 北京 2 0 17 25 0 20 35 1495
深圳 北京 2 0 19 45 0 23 0 1345
深圳 北京 2 0 12 30 0 15 30 1730
深圳 上海 2 0 8 0 0 10 25 1032
深圳 上海 2 0 11 15 0 13 25 1053
深圳 上海 2 0 15 15 0 17 40 1030
深圳 上海 2 0 17 50 0 20 20 910
深圳 上海 2 0 20 15 0 22 35 1573
深圳 杭州 2 0 7 5 0 9 5 820
深圳 杭州 2 0 10 45 0 13 0 967
深圳 杭州 2 0 14 40 0 16 45 970
深圳 杭州 2 0 17 35 0 19 45 985
深圳 杭州 2 0 21 5 0 23 15 1270
深圳 成都 2 0 7 55 0 10 50 1134
深圳 成都 2 0 11 10 0 14 0 1430
深圳 成都 2 0 15 15 0 17 55 1274
深圳 成都 2 0 18 35 0 21 20 1430
深圳 成都 2 0 21 30 1 0 5 1250
深圳 乌鲁木齐 2 0 7 35 0 12 55 1865
深圳 乌鲁木齐 2 0 10 45 0 16 5 2075
深圳 武汉 2 0 8 20 0 10 15 1000
深圳 武汉 2 0 11 50 0 13 40 1200
深圳 武汉 2 0 19 20 0 21 15 752
深圳 武汉 2 0 21 35 0 23 30 1600
深圳 哈尔滨 2 0 8 40 0 13 0 1310
深圳 哈尔滨 2 0 12 10 0 16 30 1340
深圳 哈尔滨 2 0 14 15 0 18 40 1100
深圳 哈尔滨 2 0 17 0 0 22 50 900
深圳 济南 2 0 6 15 0 9 10 1170
深圳 济南 2 0 10 35 0 13 20 2096
深圳 济南 2 0 15 20 0 18 10 1780
深圳 济南 2 0 19 15 0 22 00 1600
深圳 济南 2 0 22 10 1 0 50 1160
深圳 西安 2 0 7 5 0 9 40 930
深圳 西安 2 0 11 0 0 13 45 1230 
深圳 西安 2 0 14 30 0 17 25 1270
深圳 西安 2 0 18 30 0 21 25 910
深圳 西安 2 0 20 40 0 23 20 790
杭州 北京 2 0 8 20 0 10 35 1550
杭州 北京 2 0 12 0 0 14 25 1189
杭州 北京 2 0 15 20 0 17 40 980
杭州 北京 2 0 18 10 0 20 35 730
杭州 北京 2 0 21 5 0 23 20 490
杭州 北京 2 0 23 0 1 1 50 400
杭州 广州 2 0 8 20 0 10 30 1392
杭州 广州 2 0 11 15 0 13 25 1400
杭州 广州 2 0 14 35 0 16 50 900
杭州 广州 2 0 19 20 0 21 30 1170
杭州 广州 2 0 21 30 0 23 45 1018
杭州 深圳 2 0 8 0 0 10 5 1420
杭州 深圳 2 0 10 50 0 13 10 1270
杭州 深圳 2 0 14 15 0 16 35 1040
杭州 深圳 2 0 17 5 0 19 25 970
杭州 深圳 2 0 20 50 0 23 0 817
杭州 成都 2 0 7 45 0 10 35 1930
杭州 成都 2 0 10 50 0 13 40 1710
杭州 成都 2 0 16 20 0 19 25 1399
杭州 成都 2 0 20 15 0 23 10 1220
杭州 成都 2 0 22 25 1 1 25 1030
杭州 武汉 2 0 7 0 0 8 35 660
杭州 武汉 2 0 13 35 0 15 5 490
杭州 武汉 2 0 15 15 0 16 50 448
杭州 武汉 2 0 17 30 0 19 10 340
杭州 武汉 2 0 19 25 0 21 10 520
杭州 长沙 2 0 7 20 0 9 0 858
杭州 长沙 2 0 18 55 0 20 50 350
杭州 哈尔滨 2 0 6 40 0 10 10 998
杭州 哈尔滨 2 0 12 5 0 15 20 1500
杭州 哈尔滨 2 0 19 40 0 23 0 850
杭州 哈尔滨 2 0 17 0 0 20 15 1300
成都 北京 2 0 7 30 0 10 2 1400
成都 北京 2 0 11 35 0 14 15 1178
成都 北京 2 0 14 0 0 16 45 920
成都 北京 2 0 19 10 0 21 45 830
成都 北京 2 0 21 30 1 0 25 810
成都 上海 2 0 8 10 0 10 55 1340
成都 上海 2 0 10 25 0 13 10 1060
成都 上海 2 0 14 15 0 16 50 930
成都 上海 2 0 17 0 0 19 55  820
成都 上海 2 0 20 45 0 23 40 890
成都 广州 2 0 8 25 0 10 45 1340
成都 广州 2 0 11 50 0 14 20 1110
成都 广州 2 0 15 0 0 17 25 690
成都 广州 2 0 18 50 0 21 15 780 
成都 广州 2 0 20 50 0 23 30 930
成都 深圳 2 0 7 30 0 10 5 1400
成都 深圳 2 0 11 35 0 14 15 1020
成都 深圳 2 0 14 15 0 17 5 1000
成都 深圳 2 0 19 10 0 21 45 830
成都 深圳 2 0 22 15 1 0 55 994
成都 杭州 2 0 8 20 0 11 0 1350
成都 杭州 2 0 11 55 0 14 35 1140
成都 杭州 2 0 14 35 0 17 20 1220
成都 杭州 2 0 18 30 0 21 10 810
成都 杭州 2 0 20 35 0 23 15 930
成都 乌鲁木齐 2 0 8 5 0 11 45 1085
成都 乌鲁木齐 2 0 12 50 0 16 30 1270
成都 乌鲁木齐 2 0 16 20 0 19 55 930
成都 乌鲁木齐 2 0 18 5 0 21 30 1080
成都 乌鲁木齐 2 0 19 50 0 23 30 940
成都 武汉 2 0 9 5 0 11 15 1290
成都 武汉 2 0 11 40 0 13 50 1020
成都 武汉 2 0 17 10 0 19 5 1020
成都 武汉 2 0 19 20 0 21 20 1010
成都 武汉 2 0 22 10 1 0 10 780
成都 长沙 2 0 7 35 0 9 0 1150
成都 长沙 2 0 19 10 0 21 10 890
成都 长沙 2 0 21 55 0 23 50 920
成都 哈尔滨 2 0 8 5 0 11 35 1222
成都 哈尔滨 2 0 16 40 0 20 30 890
成都 哈尔滨 2 0 14 15 0 18 0 1000
成都 济南 2 0 7 35 0 9 50 1030
成都 济南 2 0 9 20 0 11 55 1090
成都 济南 2 0 12 5 0 14 30 1443
成都 济南 2 0 15 0 0 17 15 1040
成都 济南 2 0 17 50 0 20 15 715
成都 西安 2 0 6 30 0 7 50 590
成都 西安 2 0 13 25 0 14 25 580
成都 西安 2 0 21 45 0 23 15 440
乌鲁木齐 北京 2 0 8 5 0 11 45 993
乌鲁木齐 北京 2 0 10 40 0 14 35 830
乌鲁木齐 北京 2 0 14 40 0 18 20 886
乌鲁木齐 北京 2 0 18 0 0 21 40 870
乌鲁木齐 北京 2 0 21 15 1 0 55 575
乌鲁木齐 上海 2 0 9 25 0 14 5 1330
乌鲁木齐 上海 2 0 11 35 0 16 15 1280
乌鲁木齐 上海 2 0 15 55 0 20 45 690
乌鲁木齐 上海 2 0 19 20 0 23 50 770
乌鲁木齐 广州 2 0 9 25 0 14 30 1400
乌鲁木齐 广州 2 0 12 20 0 17 35 1199
乌鲁木齐 广州 2 0 14 35 0 20 0 1029
乌鲁木齐 广州 2 0 18 50 0 23 55 980
乌鲁木齐 广州 2 0 20 5 1 1 5 819
乌鲁木齐 深圳 2 0 17 25 0 22 40 1600
乌鲁木齐 深圳 2 0 20 15 1 1 10 1141
乌鲁木齐 杭州 2 0 11 15 0 16 15 1140
乌鲁木齐 杭州 2 0 17 45 0 22 45 735
乌鲁木齐 成都 2 0 8 15 0 11 35 1270
乌鲁木齐 成都 2 0 11 50 0 15 15 1160
乌鲁木齐 成都 2 0 15 5 0 18 35 930
乌鲁木齐 成都 2 0 18 15 0 21 50 912
乌鲁木齐 成都 2 0 22 30 1 1 50 860
乌鲁木齐 武汉 2 0 8 0 0 12 10 1040
乌鲁木齐 武汉 2 0 10 0 0 13 55 921
乌鲁木齐 武汉 2 0 14 25 0 18 30 680
乌鲁木齐 武汉 2 0 16 40 0 20 50 550
乌鲁木齐 武汉 2 0 20 0 1 0 10 500
乌鲁木齐 长沙 2 0 9 0 0 13 20 848
乌鲁木齐 长沙 2 0 13 50 0 17 55 976
乌鲁木齐 长沙 2 0 16 5 0 20 45 600
乌鲁木齐 济南 2 0 7 55 0 12 5 810
乌鲁木齐 济南 2 0 10 20 0 14 35 1080
乌鲁木齐 济南 2 0 16 50 0 20 50 700
乌鲁木齐 西安 2 0 7 50 0 10 55 820
乌鲁木齐 西安 2 0 13 40 0 16 50 849
乌鲁木齐 西安 2 0 16 10 0 19 30 680
乌鲁木齐 西安 2 0 19 25 0 22 35 730
乌鲁木齐 西安 2 0 22 20 1 1 40 440
武汉 北京 2 0 7 40 0 9 40 1426
武汉 北京 2 0 11 55 0 14 5 1195
武汉 北京 2 0 15 45 0 17 45 660
武汉 北京 2 0 19 25 0 21 55 520
武汉 北京 2 0 21 55 1 0 5 480
武汉 上海 2 0 8 30 0 10 0 1090
武汉 上海 2 0 11 5 0 12 35 670
武汉 上海 2 0 14 10 0 15 45 680
武汉 上海 2 0 18 35 0 20 10 450
武汉 上海 2 0 20 40 0 22 10 420
武汉 广州 2 0 7 30 0 9 20 1440
武汉 广州 2 0 14 0 0 15 45 980
武汉 广州 2 0 18 0 0 19 45 640
武汉 广州 2 0 20 55 0 22 45 620
武汉 广州 2 0 22 0 0 23 45 410
武汉 深圳 2 0 7 40 0 9 40 930
武汉 深圳 2 0 9 0 0 10 50 1170
武汉 深圳 2 0 13 30 0 15 25 775
武汉 深圳 2 0 18 35 0 20 25 760
武汉 深圳 2 0 21 55 0 23 55 670
武汉 杭州 2 0 7 40 0 11 10 822
武汉 杭州 2 0 11 5 0 12 25 700
武汉 杭州 2 0 15 5 0 16 25 655
武汉 杭州 2 0 17 0 0 18 20 603
武汉 成都 2 0 7 45 0 9 50 1100
武汉 成都 2 0 10 25 0 12 20 1090
武汉 成都 2 0 13 50 0 16 0 860
武汉 成都 2 0 19 0 0 21 20 780
武汉 成都 2 0 22 35 1 0 45 670
武汉 乌鲁木齐 2 0 8 55 0 13 25 1310
武汉 乌鲁木齐 2 0 11 15 0 15 40 1150
武汉 乌鲁木齐 2 0 18 40 0 22 55 840
武汉 乌鲁木齐 2 0 20 10 1 0 30 790
武汉 哈尔滨 2 0 11 10 0 14 15 1310
武汉 哈尔滨 2 0 14 15 0 17 10 1130
武汉 哈尔滨 2 0 18 45 0 22 5 850
武汉 哈尔滨 2 0 20 25 0 23 20 860
武汉 济南 2 0 9 55 0 11 30 830
武汉 济南 2 0 18 45 0 20 20 610
武汉 济南 2 0 23 25 1 0 55 510
武汉 西安 2 0 8 5 0 9 35 1010
武汉 西安 2 0 11 25 0 13 5 770
长沙 北京 2 0 9 0 0 11 35 1228
长沙 北京 2 0 12 15 0 14 40 1170
长沙 北京 2 0 14 35 0 16 55 1056
长沙 北京 2 0 17 30 0 19 50 713
长沙 北京 2 0 21 45 0 23 55 525
长沙 上海 2 0 10 5 0 11 50 950
长沙 上海 2 0 14 0 0 16 5 740
长沙 上海 2 0 17 15 0 19 10 545
长沙 上海 2 0 21 35 0 23 20 400
长沙 广州 2 0 9 10 0 10 35 950
长沙 广州 2 0 17 20 0 19 0 690
长沙 广州 2 0 20 0 0 21 30 630
长沙 杭州 2 0 8 15 0 9 45 750
长沙 杭州 2 0 15 10 0 16 40 586
长沙 杭州 2 0 22 20 0 23 55 698
长沙 成都 2 0 9 10 0 11 0 900
长沙 成都 2 0 14 50 0 16 50 823
长沙 成都 2 0 18 50 0 20 40 810
长沙 成都 2 0 17 55 0 20 0 789
长沙 乌鲁木齐 2 0 8 25 0 12 50 976
长沙 乌鲁木齐 2 0 14 20 0 18 55 890
长沙 乌鲁木齐 2 0 18 45 0 23 25 840
长沙 哈尔滨 2 0 10 35 0 14 5 945
长沙 哈尔滨 2 0 15 20 0 18 50 920
长沙 哈尔滨 2 0 20 10 0 23 45 860
长沙 济南 2 0 8 10 0 10 10 510
长沙 济南 2 0 11 35 0 13 30 578
长沙 济南 2 0 16 45 0 18 45 669
长沙 西安 2 0 7 40 0 9 35 630 
长沙 西安 2 0 11 25 0 13 10 707
长沙 西安 2 0 18 55 0 20 45 530
长沙 西安 2 0 22 55 1 0 55 410
哈尔滨 北京 2 0 8 15 0 10 30 1284
哈尔滨 北京 2 0 11 40 0 13 45 1110
哈尔滨 北京 2 0 14 35 0 16 45 990
哈尔滨 北京 2 0 19 5 0 21 5 558
哈尔滨 北京 2 0 22 0 1 0 15 350
哈尔滨 上海 2 0 7 40 0 10 20 1070
哈尔滨 上海 2 0 12 0 0 15 20 790
哈尔滨 上海 2 0 15 5 0 18 10 860
哈尔滨 上海 2 0 17 45 0 21 0 670
哈尔滨 上海 2 0 21 5 1 0 35 470
哈尔滨 广州 2 0 8 10 0 12 40 1380
哈尔滨 广州 2 0 13 45 0 18 20 1380
哈尔滨 广州 2 0 15 55 0 20 45 1690
哈尔滨 广州 2 0 20 15 1 0 45 860
哈尔滨 深圳 2 0 8 15 0 13 0 1460
哈尔滨 深圳 2 0 13 55 0 19 5 1180
哈尔滨 深圳 2 0 17 20 0 22 25 1650
哈尔滨 深圳 2 0 20 25 1 1 0 1153
哈尔滨 杭州 2 0 9 0 0 12 25 1103
哈尔滨 杭州 2 0 14 0 0 17 20 850
哈尔滨 杭州 2 0 16 30 0 19 35 990
哈尔滨 杭州 2 0 21 15 1 0 30 668
哈尔滨 成都 2 0 8 50 0 13 10 1370
哈尔滨 成都 2 0 11 40 0 16 10 1170
哈尔滨 成都 2 0 21 20 1 1 25 890
哈尔滨 武汉 2 0 8 10 0 11 30 1160
哈尔滨 武汉 2 0 15 30 0 18 50 1110
哈尔滨 武汉 2 0 18 0 0 21 35 840
哈尔滨 长沙 2 0 9 5 0 12 55 920
哈尔滨 长沙 2 0 18 5 0 22 0 745
哈尔滨 长沙 2 0 19 50 0 23 45 900
哈尔滨 济南 2 0 8 0 0 10 30 920
哈尔滨 济南 2 0 10 25 0 12 50 759
哈尔滨 济南 2 0 14 40 0 17 0 670
哈尔滨 济南 2 0 16 15 0 18 40 617
哈尔滨 济南 2 0 20 15 0 22 30 660
哈尔滨 西安 2 0 8 20 0 11 40 1530
哈尔滨 西安 2 0 17 50 0 21 15 1190
哈尔滨 西安 2 0 21 10 1 0 50 650
济南 北京 2 0 10 50 0 12 5 670
济南 上海 2 0 7 30 0 9 15 970
济南 上海 2 0 9 55 0 11 35 1100
济南 上海 2 0 17 30 0 19 5 690
济南 上海 2 0 19 50 0 21 35 830
济南 广州 2 0 8 0 0 10 45 1290
济南 广州 2 0 12 10 0 14 45 1054
济南 广州 2 0 16 5 0 19 5 1040
济南 广州 2 0 19 5 0 21 55 850
济南 广州 2 0 21 10 1 0 10 810
济南 深圳 2 0 6 35 0 9 25 1390
济南 深圳 2 0 11 25 0 14 15 1369
济南 深圳 2 0 17 15 0 20 50 1060
济南 深圳 2 0 22 50 1 1 40 870
济南 成都 2 0 8 30 0 11 5 1694
济南 成都 2 0 15 15 0 18 0 1241
济南 成都 2 0 20 30 0 23 5 1090
济南 成都 2 0 22 15 1 1 5 712
济南 乌鲁木齐 2 0 11 20 0 15 50 1430
济南 乌鲁木齐 2 0 18 30 0 23 5 1430
济南 乌鲁木齐 2 0 16 0 0 20 30 950
济南 武汉 2 0 7 10 0 8 55 930
济南 武汉 2 0 14 35 0 16 20 690
济南 武汉 2 0 21 10 0 22 55 520
济南 长沙 2 0 8 40 0 10 50 1280
济南 长沙 2 0 13 50 0 16 5 765
济南 长沙 2 0 17 15 0 19 15 725
济南 长沙 2 0 21 55 0 23 55 526
济南 哈尔滨 2 0 9 55 0 11 55 730
济南 哈尔滨 2 0 11 30 0 13 40 780
济南 哈尔滨 2 0 18 5 0 20 10 510
济南 哈尔滨 2 0 19 45 0 22 5 470
济南 西安 2 0 7 5 0 8 50 850
济南 西安 2 0 9 5 0 10 50 944
济南 西安 2 0 16 25 0 18 10 787
济南 西安 2 0 19 20 0 21 10 435
济南 西安 2 0 21 40 0 23 40 470
西安 北京 2 0 9 0 0 10 50 640
西安 北京 2 0 13 30 0 15 25 460
西安 北京 2 0 17 30 0 19 25 460
西安 北京 2 0 19 30 0 21 30 460
西安 北京 2 0 22 30 1 0 35 400
西安 上海 2 0 9 0 0 11 15 1190
西安 上海 2 0 11 30 0 13 45 1190
西安 上海 2 0 14 0 0 16 20 1190
西安 上海 2 0 18 0 0 20 15 1020
西安 上海 2 0 20 30 0 22 50 630
西安 上海 2 0 22 30 1 0 55 600
西安 广州 2 0 8 30 0 11 5 1045
西安 广州 2 0 11 0 0 13 45 830
西安 广州 2 0 15 30 0 18 25 735
西安 广州 2 0 18 30 0 21 20 599
西安 广州 2 0 22 0 1 1 5 540
西安 深圳 2 0 8 20 0 11 25 1345
西安 深圳 2 0 11 30 0 14 25 990
西安 深圳 2 0 15 15 0 18 10 1003
西安 深圳 2 0 18 25 0 21 15 1010
西安 深圳 2 0 21 50 1 0 30 825
西安 杭州 2 0 8 15 0 10 25 1165
西安 杭州 2 0 11 35 0 14 0 990
西安 杭州 2 0 13 25 0 15 30 869
西安 杭州 2 0 17 5 0 19 20 710
西安 杭州 2 0 20 50 0 23 10 630
西安 成都 2 0 6 0 0 7 40 810
西安 成都 2 0 23 5 1 0 40 580
西安 乌鲁木齐 2 0 11 25 0 14 55 849
西安 乌鲁木齐 2 0 15 20 0 18 45 860
西安 乌鲁木齐 2 0 19 55 0 23 20 598
西安 乌鲁木齐 2 0 21 25 1 1 0 550
西安 武汉 2 0 6 40 0 8 15 580
西安 武汉 2 0 14 10 0 15 40 660
西安 武汉 2 0 16 5 0 17 45 500
西安 武汉 2 0 19 35 0 21 20 500
西安 长沙 2 0 8 10 0 10 10 840
西安 长沙 2 0 11 40 0 13 40 830
西安 长沙 2 0 14 50 0 16 45 630
西安 长沙 2 0 17 25 0 19 20 590
西安 长沙 2 0 21 5 0 22 55 530
西安 哈尔滨 2 0 13 40 0 16 30 860
西安 哈尔滨 2 0 17 10 0 20 20 1000
西安 哈尔滨 2 0 19 20 0 22 20 730
西安 哈尔滨 2 0 21 10 1 0 15 1026
西安 济南 2 0 7 10 0 9 5 701
西安 济南 2 0 11 25 0 13 5 530
西安 济南 2 0 15 25 0 17 20 550
西安 济南 2 0 18 55 0 20 35 565
西安 济南 2 0 23 25 1 1 5 470
杭州 上海 0 0 6 40 0 8 10 120
杭州 上海 0 0 7 30 0 9 30 90
杭州 上海 0 0 9 0 0 12 0 65
杭州 上海 0 0 10 30 0 12 30 70
杭州 上海 0 0 13 0 0 15 0 120
杭州 上海 0 0 14 40 0 16 0 115
杭州 上海 0 0 17 0 0 19 0 120
杭州 上海 0 0 18 50 0 20 50 115
上海 杭州 0 0 7 0 0 8 30 115
上海 杭州 0 0 8 30 0 10 30 88
上海 杭州 0 0  9 33 0 11 33 80
上海 杭州 0 0 11 0 0 13 30 115
上海 杭州 0 0 13 0 0 15 0 120
上海 杭州 0 0 16 0 0 18 0 115
上海 杭州 0 0 17 15 0 19 15 68
上海 杭州 0 0 19 0 0 21 0 120
上海 杭州 0 0 20 0 0 22 0 120
上海 杭州 0 0 21 0 0 22 30 120
广州 深圳 0 0 5 35 0 6 35 65
广州 深圳 0 0 6 0 0 7 30 55
广州 深圳 0 0 7 15 0 8 15 65
广州 深圳 0 0 7 50 0 9 50 55
广州 深圳 0 0 8 20 0 9 20 65
广州 深圳 0 0 9 10 0 10 10 65
广州 深圳 0 0 10 0 0 11 0 65
广州 深圳 0 0 11 0 0 12 0 65
广州 深圳 0 0 12 0 0 13 0 65
广州 深圳 0 0 14 25 0 16 25 65
广州 深圳 0 0 15 0 0 16 20 55
广州 深圳 0 0 16 5 0 17 5 55
广州 深圳 0 0 17 0 0 18 0 60
广州 深圳 0 0 17 15 0 18 15 65
广州 深圳 0 0 18 0 0 19 0 65
广州 深圳 0 0 18 15 0 19 15 65
广州 深圳 0 0 19 0 0 20 0 65
广州 深圳 0 0 20 10 0 21 10 65
深圳 广州 0 0 5 35 0 6 35 65
深圳 广州 0 0 6 0 0 7 30 55
深圳 广州 0 0 7 15 0 8 15 65
深圳 广州 0 0 7 50 0 9 50 55
深圳 广州 0 0 8 20 0 9 20 65
深圳 广州 0 0 9 10 0 10 10 65
深圳 广州 0 0 10 0 0 11 0 65
深圳 广州 0 0 11 0 0 12 0 65
深圳 广州 0 0 12 0 0 13 0 65
深圳 广州 0 0 14 25 0 16 25 65
深圳 广州 0 0 15 0 0 16 20 55
深圳 广州 0 0 16 5 0 17 5 55
深圳 广州 0 0 17 0 0 18 0 60
深圳 广州 0 0 17 15 0 18 15 65
深圳 广州 0 0 18 0 0 19 0 65
深圳 广州 0 0 18 15 0 19 15 65
深圳 广州 0 0 19 0 0 20 0 65
深圳 广州 0 0 20 10 0 21 10 65
北京 济南 0 0 7 40 0 12 40 180
北京 济南 0 0 10 30 0 15 30 180
北京 济南 0 0 11 30 0 16 30 180
北京 济南 0 0 15 0 0 21 0 150
北京 济南 0 0 17 0 0 21 40 260
北京 济南 0 0 17 30 0 21 50 280
济南 北京 0 0 9 30 0 14 40 150
济南 北京 0 0 11 20 0 17 20 122
济南 北京 0 0 13 30 0 18 20 150
济南 北京 0 0 14 20 0 19 20 150
济南 北京 0 0 20 40 1 2 20 102